27 1000000 8 1 0 10
27 1000000 8 1 1 10
27 1000000 8 4 0 10
27 1000000 8 4 1 10
27 1000000 8 16 0 10
27 1000000 8 16 1 10
27 1000000 9 1 0 10
27 1000000 9 1 1 10
27 1000000 9 4 0 10
27 1000000 9 4 1 10
27 1000000 9 16 0 10
27 1000000 9 16 1 10
27 1000000 10 1 0 10
27 1000000 10 1 1 10
27 1000000 10 4 0 10
27 1000000 10 4 1 10
27 1000000 10 16 0 10
27 1000000 10 16 1 10
24 1000000 8 1 0 10
24 1000000 8 1 1 10
24 1000000 8 4 0 10
24 1000000 8 4 1 10
24 1000000 8 16 0 10
24 1000000 8 16 1 10
24 1000000 9 1 0 10
24 1000000 9 1 1 10
24 1000000 9 4 0 10
24 1000000 9 4 1 10
24 1000000 9 16 0 10
24 1000000 9 16 1 10
24 1000000 10 1 0 10
24 1000000 10 1 1 10
24 1000000 10 4 0 10
24 1000000 10 4 1 10
24 1000000 10 16 0 10
24 1000000 10 16 1 10
21 1000000 8 1 0 10
21 1000000 8 1 1 10
21 1000000 8 4 0 10
21 1000000 8 4 1 10
21 1000000 8 16 0 10
21 1000000 8 16 1 10
21 1000000 9 1 0 10
21 1000000 9 1 1 10
21 1000000 9 4 0 10
21 1000000 9 4 1 10
21 1000000 9 16 0 10
21 1000000 9 16 1 10
21 1000000 10 1 0 10
21 1000000 10 1 1 10
21 1000000 10 4 0 10
21 1000000 10 4 1 10
21 1000000 10 16 0 10
21 1000000 10 16 1 10
18 1000000 8 1 0 10
18 1000000 8 1 1 10
18 1000000 8 4 0 10
18 1000000 8 4 1 10
18 1000000 8 16 0 10
18 1000000 8 16 1 10
18 1000000 9 1 0 10
18 1000000 9 1 1 10
18 1000000 9 4 0 10
18 1000000 9 4 1 10
18 1000000 9 16 0 10
18 1000000 9 16 1 10
18 1000000 10 1 0 10
18 1000000 10 1 1 10
18 1000000 10 4 0 10
18 1000000 10 4 1 10
18 1000000 10 16 0 10
18 1000000 10 16 1 10
15 1000000 8 1 0 10
15 1000000 8 1 1 10
15 1000000 8 4 0 10
15 1000000 8 4 1 10
15 1000000 8 16 0 10
15 1000000 8 16 1 10
15 1000000 9 1 0 10
15 1000000 9 1 1 10
15 1000000 9 4 0 10
15 1000000 9 4 1 10
15 1000000 9 16 0 10
15 1000000 9 16 1 10
15 1000000 10 1 0 10
15 1000000 10 1 1 10
15 1000000 10 4 0 10
15 1000000 10 4 1 10
15 1000000 10 16 0 10
15 1000000 10 16 1 10
