1000 3 3 20 0
2000 3 3 20 0
4000 3 3 20 0
8000 3 3 20 0
16000 3 3 20 0
32000 3 3 20 0
64000 3 3 20 0
128000 3 3 20 0
256000 3 3 20 0
512000 3 3 20 0
1024000 3 3 20 0
2048000 3 3 20 0
1000 3 3 20 4
2000 3 3 20 4
4000 3 3 20 4
8000 3 3 20 4
16000 3 3 20 4
32000 3 3 20 4
64000 3 3 20 4
128000 3 3 20 4
256000 3 3 20 4
512000 3 3 20 4
1024000 3 3 20 4
2048000 3 3 20 4
1000 3 3 20 16
2000 3 3 20 16
4000 3 3 20 16
8000 3 3 20 16
16000 3 3 20 16
32000 3 3 20 16
64000 3 3 20 16
128000 3 3 20 16
256000 3 3 20 16
512000 3 3 20 16
1024000 3 3 20 16
2048000 3 3 20 16
1000 3 3 20 64
2000 3 3 20 64
4000 3 3 20 64
8000 3 3 20 64
16000 3 3 20 64
32000 3 3 20 64
64000 3 3 20 64
128000 3 3 20 64
256000 3 3 20 64
512000 3 3 20 64
1024000 3 3 20 64
2048000 3 3 20 64
1000 3 3 20 256
2000 3 3 20 256
4000 3 3 20 256
8000 3 3 20 256
16000 3 3 20 256
32000 3 3 20 256
64000 3 3 20 256
128000 3 3 20 256
256000 3 3 20 256
512000 3 3 20 256
1024000 3 3 20 256
2048000 3 3 20 256
