32 14 10 0
32 14 10 64
32 14 10 512
32 14 10 4096
32 15 10 0
32 15 10 64
32 15 10 512
32 15 10 4096
32 16 10 0
32 16 10 64
32 16 10 512
32 16 10 4096
32 17 10 0
32 17 10 64
32 17 10 512
32 17 10 4096
32 18 10 0
32 18 10 64
32 18 10 512
32 18 10 4096
32 19 10 0
32 19 10 64
32 19 10 512
32 19 10 4096
32 20 10 0
32 20 10 64
32 20 10 512
32 20 10 4096
32 21 10 0
32 21 10 64
32 21 10 512
32 21 10 4096
32 22 10 0
32 22 10 64
32 22 10 512
32 22 10 4096
32 23 10 0
32 23 10 64
32 23 10 512
32 23 10 4096
32 24 10 0
32 24 10 64
32 24 10 512
32 24 10 4096
32 25 10 0
32 25 10 64
32 25 10 512
32 25 10 4096
32 26 10 0
32 26 10 64
32 26 10 512
32 26 10 4096
32 27 10 0
32 27 10 64
32 27 10 512
32 27 10 4096
